FID	IID	PC1	PC2	PC3	PC4	PC5	PC6	PC7	PC8	PC9	PC10
M11081715	M11081715	-0.0495202	-0.064532	-0.00688352	0.00201489	0.000377076	-0.0344368	-0.0482545	0.0191911	-0.0343643	-0.0289708
M11082404	M11082404	-0.0494025	-0.0399755	-0.00237861	-0.00855871	0.0053788	-0.0085922	-0.00724158	0.0238282	0.0434052	0.00279594
M11072003	M11072003	-0.0473146	-0.0549522	-0.0213387	-0.00798074	-0.00495256	-0.0228064	-0.0117886	0.0142918	0.0049473	0.0363766
M11082402	M11082402	-0.0482886	-0.0469585	-0.010152	-0.00751331	-0.0332759	-0.0208773	0.016821	0.037741	-0.0376246	-0.00391768
M11072316	M11072316	-0.0502564	-0.0510716	-0.00310034	-0.0125903	0.0153579	-0.00877495	-0.0200024	-0.000100747	-0.0020478	0.00825845
M11070609	M11070609	-0.0486173	-0.0447996	-0.00511755	-0.0101738	0.00846731	0.0167443	-0.0223698	0.0049871	0.013174	0.00105615
M11072302	M11072302	-0.0472582	-0.0574632	-0.000128324	-0.0358401	-0.0117841	-0.0930147	-0.029245	-0.0605812	0.181507	-0.022805
M11072705	M11072705	-0.0508641	-0.0685985	-0.00209067	0.00691655	0.00388467	0.0141527	-0.0350811	-0.0160951	0.00148259	-0.0393167
M11060201	M11060201	-0.0497123	-0.0704842	-0.00729425	0.00132387	-0.021799	0.013108	-0.015131	-0.0207291	-0.0167528	0.0258891
M11062902	M11062902	-0.0516054	-0.0579819	-0.0192929	-0.00103295	0.0228534	-0.0139866	0.0102965	0.0287725	0.00380588	0.00773941
M11072710	M11072710	-0.0505668	-0.060815	0.000418636	-0.0165582	0.0381909	0.00500773	-0.0491279	-0.0132909	0.141399	-0.0224186
M11072004	M11072004	-0.0509725	-0.0610579	-0.00862295	-0.0130096	0.0162151	-0.0765798	-0.039738	-0.0734767	0.181633	-0.0188584
M11072320	M11072320	-0.049939	-0.0444151	-0.0107062	-0.0160376	-0.0247877	-0.0213533	-0.0156975	0.044407	-0.0234812	0.0290591
M11070606	M11070606	-0.0497061	-0.0650976	0.00422235	-0.0133195	0.0128351	0.043404	-0.0352186	-0.0273225	0.0439371	-0.0352436
M11071308	M11071308	-0.0490618	-0.0635859	-0.000847708	0.00155902	-0.0111498	-0.0256587	-0.00239132	0.0167578	-0.0108903	-0.00716328
M11081312	M11081312	-0.0511516	-0.0663213	-0.00482716	-0.0172998	0.00127616	-0.00739927	0.0057602	-0.0225888	-0.0523232	-0.0237433
M11072311	M11072311	-0.0518318	-0.0629374	-0.0153712	-0.00695142	0.0167515	0.0144199	-0.0315752	-0.00776012	-0.0604103	0.0277343
M11082018	M11082018	-0.0511323	-0.0421527	0.0123373	0.00540748	-0.00222948	-0.0262165	-0.0133391	0.0124815	-0.0407742	0.0302929
M11081316	M11081316	-0.0486065	-0.0546064	9.20152e-05	-0.0125483	-0.029134	0.0472071	-0.0236198	-0.00284315	0.00994691	0.0112746
M11072006	M11072006	-0.0522826	-0.0602733	0.00718221	0.0157447	-0.011113	0.000159945	0.0325677	-0.00742453	-0.0561136	-0.00913692
M11072706	M11072706	-0.0501618	-0.060368	-0.0103513	0.00157446	0.0144816	-0.0299118	-0.0350322	0.0219831	-0.0187828	0.0604029
M11060206	M11060206	-0.050826	-0.0389431	-0.00111386	-0.00661914	0.0225836	-0.0294999	-0.0162601	-0.016657	-0.0456172	-0.00484997
M11062904	M11062904	-0.0474215	-0.0656034	-0.00135426	0.0165921	0.00234549	-0.00483327	0.0382932	0.00819578	-0.00613134	0.0175136
M11070607	M11070607	-0.0484494	-0.0727292	-0.0154171	0.000123768	-0.031794	0.0307222	-0.00585331	-0.0224619	0.0492302	0.00963131
M11081704	M11081704	-0.0527921	-0.0356341	-0.0113146	-0.00978404	0.0100795	-0.0027013	0.0412055	0.00141731	-0.0323569	-0.014119
M11081706	M11081706	-0.0504519	-0.0709206	0.00372895	0.00162277	0.0103823	0.00719511	0.0265567	-0.000878015	0.0126359	0.0116038
M11071310	M11071310	-0.0483168	-0.0752691	-0.0102065	0.00650434	-0.00500331	0.0261769	0.00626767	0.0194644	0.0252317	0.00930848
M11071301	M11071301	-0.0485995	-0.0631895	-0.00862394	0.000762367	-0.0264575	0.0407793	0.0214409	0.0518935	-0.0279916	0.00772078
M11061605	M11061605	-0.0509073	-0.0452226	-0.0116362	-0.0101767	-0.00430831	-0.0123674	-0.00165171	0.017134	0.0166192	0.0156822
M11072011	M11072011	-0.0496119	-0.0392831	-0.00444987	-0.00721071	0.00699468	0.0302116	0.0140404	-0.00891791	0.0693071	-0.0310895
M11081304	M11081304	-0.0497921	-0.0529234	0.00295959	0.00298939	-0.00579056	-0.0337757	-0.017083	0.0377023	-0.0332854	-0.00615879
M11080306	M11080306	-0.0504533	-0.0632809	0.0243048	-0.00549468	0.0183711	0.0430458	-0.0332408	0.0195788	0.0671083	0.0292619
M11073011	M11073011	-0.0497828	-0.0635586	-0.000673722	-0.0047082	0.0059944	-0.0421965	0.00439512	-0.0147425	-0.0467541	0.0165615
M11072708	M11072708	-0.0523114	-0.0449742	0.0177646	-0.00447264	0.0126642	0.0281427	-0.00910874	-0.0408064	0.0731192	-0.0115296
M11072703	M11072703	-0.0507078	-0.0644462	0.00522741	-0.0116597	0.0319175	0.0509134	0.0124772	-0.0195586	0.0204817	-0.0420424
M11072002	M11072002	-0.0484346	-0.0389573	-0.000694124	0.0286839	0.0366735	-0.00597831	0.0290435	-0.0150783	-0.0398958	-0.0134467
M11081702	M11081702	-0.0509273	-0.0499159	0.00438385	0.00222928	-0.0342978	-0.0029296	0.0389716	0.0312301	-0.0215978	0.0526214
M11080302	M11080302	-0.0486029	-0.0646354	0.00163843	-0.00400996	-0.00479549	0.0179442	0.0284435	-0.00193487	-0.0279021	0.0629376
M11070605	M11070605	-0.0503417	-0.0754871	0.000919987	-0.0038279	-0.0100363	0.00148911	0.0117814	-0.0257031	0.0151744	-0.0258277
M11082004	M11082004	-0.0500736	-0.0459164	-0.00735003	0.0166365	0.0201528	-0.0255427	-0.0096816	-0.0419677	0.00749764	-0.00678714
M11071303	M11071303	-0.0502556	-0.0663654	-0.0193356	-0.0185767	-0.0201205	-0.0175206	-0.00671951	0.00731934	-0.0244948	0.0540182
M11070604	M11070604	-0.0479714	-0.0571677	-0.014489	0.0270869	0.0113038	0.0126186	-0.0183688	0.0332023	-0.022026	-0.0117693
M11072009	M11072009	-0.048589	-0.0732265	-0.000535256	0.0274935	-0.00220726	-0.0260644	0.0165939	0.031287	-0.0388129	-0.0382063
M11073010	M11073010	-0.0480963	-0.0647161	0.00635986	0.0135642	-0.0321628	-0.00942648	0.0275999	-0.0144786	-0.0307914	0.0109657
M11071305	M11071305	-0.0505856	-0.067187	-0.00709736	-0.0105715	-0.00489487	-0.027912	-0.0239979	-0.000520484	-0.0207145	0.0277292
M11073009	M11073009	-0.0480567	-0.0401283	0.000801572	-0.00428815	-0.000991298	0.0102863	0.0154762	0.00106002	-0.038979	0.00173858
M11082409	M11082409	-0.0475922	-0.0706799	0.008331	-0.00122526	0.00783809	0.012946	-0.0258027	0.0014574	-0.0209997	0.036008
M11082401	M11082401	-0.0482217	-0.0688881	-0.00242257	0.00248031	-0.031721	-0.0471245	0.00970588	-0.00506793	-0.0404118	0.00700512
M11062906	M11062906	-0.0517295	-0.0592564	-0.0058631	0.0194892	-0.0472991	0.0278275	0.0633765	0.0157881	-0.00808235	-0.0315426
M11082019	M11082019	-0.0511233	-0.0635613	0.0201794	0.017002	0.0309836	0.00707066	-0.00157968	-0.0304271	0.0335288	0.00132045
M11082007	M11082007	-0.0493401	-0.0596148	0.0136956	-0.00225822	-0.0059741	0.0199595	-0.00743368	0.0555958	-0.0124016	-0.00629697
M11062204	M11062204	-0.0501174	-0.0562575	0.0112161	0.00537242	-0.00315316	0.0112409	-0.0198958	0.0209825	-0.0168518	0.0306323
M11071309	M11071309	-0.0518199	-0.0662585	0.00203345	0.00285133	0.00881999	0.0192527	-0.00377156	0.00715784	-0.0335527	0.0135725
M11072008	M11072008	-0.0468208	-0.0372453	0.00720777	-0.00348697	0.0120537	0.0184491	-0.0194175	0.0307767	-0.0118338	0.0004395
M11081311	M11081311	-0.0506674	-0.0605132	-0.0171833	-0.000545551	0.00595135	0.00891897	-0.0120068	-0.010568	0.0337916	-0.01255
M11073016	M11073016	-0.0501168	-0.048136	-0.0101113	-0.00346626	0.0110562	0.0174815	-0.0024341	-0.014775	0.0166846	-0.0301991
M11072312	M11072312	-0.0483124	-0.0718364	0.00555512	0.0114339	0.000853922	-0.0319441	-0.0238778	-0.0477373	-0.000689125	-0.0105204
M11082011	M11082011	-0.0488072	-0.0612495	0.0052566	0.0176731	-0.013773	0.0113097	-0.00484979	0.00116916	-0.0281455	-0.0065378
M11062901	M11062901	-0.0492756	-0.0633138	0.00356201	-0.00991758	0.0108531	0.035104	0.0434896	0.0334003	-0.0169308	0.0138476
M11081703	M11081703	-0.0501008	-0.0617125	0.0196574	-0.0277498	0.00362893	0.0495699	0.0363798	-0.00580322	0.0285317	-0.0266168
M11062907	M11062907	-0.0490465	-0.0636412	-0.0113324	-0.00533267	0.00811935	0.0312402	0.0509906	0.0121999	0.0444237	0.016583
M11082009	M11082009	-0.0501038	-0.0659889	-0.0178596	-0.0122357	-0.000946608	-0.0263323	0.0016103	-0.00638247	-0.066138	-0.0139315
M11073014	M11073014	-0.0501942	-0.0625476	-0.00673345	-0.00360176	0.0148801	-0.00317536	0.00717091	-0.0318641	-0.0265401	0.00918396
M11071304	M11071304	-0.0496659	-0.0587185	0.0155093	0.0264588	-0.0162539	-0.0315174	0.00418436	-0.00525479	0.0220126	-0.0211105
M11073012	M11073012	-0.0498999	-0.0349752	0.0249822	0.00527262	0.0150647	-0.0127478	-0.0241047	-0.00230973	0.00931568	-0.00948963
M11072702	M11072702	-0.0512606	-0.0646853	0.00675707	-0.0026048	-0.00623851	-0.00776788	-0.0221416	-0.00544095	-0.000145368	0.0199643
M11081710	M11081710	-0.0496648	-0.0578126	-0.0106375	0.011485	0.0344428	-0.0310542	-0.0180981	0.0144025	-0.0381771	-0.0131281
M11082403	M11082403	-0.0483886	-0.0629393	0.00157025	0.0233372	-0.0218992	-0.00996293	-0.0393826	0.0165892	-0.0391566	0.0017954
M11081305	M11081305	-0.0505913	-0.0699928	-0.00786801	-0.000799953	0.00612706	0.0136972	-0.021935	0.0082381	-0.0120366	-0.00056306
M11081714	M11081714	-0.0491339	-0.0611363	-0.00362825	-0.000263648	0.0238009	0.0343574	0.00877079	0.0117632	0.0212558	-0.0300619
M11073008	M11073008	-0.0499218	-0.0710799	0.000822211	-0.0109539	-0.0344419	-0.0121091	-0.0330945	0.0124381	0.037377	0.0326513
M11082006	M11082006	-0.0493302	-0.0617487	-0.0130487	0.00893037	0.026926	0.00372281	-0.0122342	-0.0261558	-0.0172126	0.0230472
M11082405	M11082405	-0.0502318	-0.0662105	-0.00678922	0.0277887	-0.0189314	-0.0261453	-0.0136239	0.0183419	-0.0422628	0.00526704
M11082003	M11082003	-0.0519724	-0.0698508	0.00187863	0.0122887	0.011374	-0.0390475	0.0131789	0.023011	-0.00234361	-0.00323479
M11080305	M11080305	-0.051717	-0.0593678	0.000658948	0.00637479	0.0109182	0.0211945	0.0181203	-0.0512788	-0.0401541	-0.00294941
M11081705	M11081705	-0.0507407	-0.0428452	-0.00163055	-0.012313	0.00181722	0.00625561	-0.0354704	-0.031169	0.0225568	-0.0503666
M11073001	M11073001	-0.0527445	-0.0432069	0.00784341	0.00532975	-0.00290288	0.00371134	0.023895	0.0162419	-0.0456458	-0.0082166
M11071307	M11071307	-0.0510633	-0.0442726	0.013325	-0.00659822	0.0217417	0.0318758	0.00705774	-0.00282946	0.0456013	0.0519158
M11073006	M11073006	-0.0523794	-0.0572843	-0.0134709	-0.00616648	0.00656478	-0.0074218	0.0247689	0.00688061	-0.00296664	0.0296177
M11082406	M11082406	-0.0513008	-0.0575954	0.00748498	-0.00119044	0.00569364	0.0121296	-0.014426	-0.0114483	0.0778727	-0.018292
M11082021	M11082021	-0.0518341	-0.0692679	0.00414227	-0.00632052	0.0106319	0.0163774	-0.00351417	-0.00526789	0.0317944	0.0272324
M11072306	M11072306	-0.0493317	-0.0338374	0.0212374	0.0037099	0.0311839	-0.0013251	-0.0162277	-0.0355518	0.0501789	-0.0148763
M11072707	M11072707	-0.0513527	-0.0636401	0.000741677	-0.000234662	0.00292497	0.0163673	0.0119492	-0.00160754	0.00957001	0.0391883
M11070603	M11070603	-0.051292	-0.0620497	-0.00772147	-0.000916845	-0.0206412	-0.0268315	0.0122061	-0.0152066	-0.0536415	-0.00160548
M11082410	M11082410	-0.0472181	-0.067018	0.0165857	-0.00554853	-0.0398072	-0.0201227	0.00183792	-0.0108447	0.00430345	-0.0473199
M11081713	M11081713	-0.0492949	-0.0489937	0.00405461	0.00980092	-0.00299287	0.0324573	0.0211441	-0.00286974	0.0303278	-0.0505613
M11081303	M11081303	-0.0499319	-0.0632177	0.00472602	0.0071965	0.014059	0.0154037	0.00596702	0.00749781	-0.0198771	-0.00750463
M11061608	M11061608	-0.0502959	-0.0535559	-0.00971714	0.0105907	-0.00307398	0.00670348	0.0228014	0.0118123	-0.010953	0.0518024
M11062911	M11062911	-0.0507457	-0.0462598	0.00999541	-0.0131013	0.0136033	0.00356935	0.0154649	-0.0461848	0.0120684	-0.0275691
M11082014	M11082014	-0.0524861	-0.0612981	0.00382292	-0.00252523	-0.0262842	-0.0199848	0.0527848	-0.0423611	-0.024051	-0.065736
M11081712	M11081712	-0.0497203	-0.0597857	0.0273564	0.00117601	-0.0157662	0.00557065	0.00669982	-0.0263137	0.04688	-0.0149336
M11072709	M11072709	-0.050761	-0.0465802	0.0038361	0.0112448	-0.000921473	-0.00303783	-0.0282297	-0.030106	-0.011049	-0.0464015
M11052805	M11052805	-0.0512701	-0.0382661	0.0219647	-0.00786314	0.0057646	-0.00595031	0.0169607	0.0139298	-0.0317121	0.0394059
M11082016	M11082016	-0.0487937	-0.0717031	-0.00619589	0.00255214	-0.020427	0.0239013	-0.00749305	0.0381641	0.0141745	0.0577535
M11082012	M11082012	-0.0509602	-0.0737477	-0.0147493	-0.00561359	-0.00259136	0.0228318	-0.00301563	0.033927	0.0134857	0.0230755
M11082008	M11082008	-0.0487051	-0.0472354	0.00658068	-0.00331582	0.0145811	0.0196618	-0.00129794	-0.00933887	0.014579	-0.00940959
M11072317	M11072317	-0.0525994	-0.0589656	-0.00733353	0.0011421	-0.00557378	-0.0124119	0.0268915	0.00131617	-0.0540232	0.0267335
M11082013	M11082013	-0.0510332	-0.0330834	0.0122844	-0.0204964	-0.00898566	0.00809426	-0.023634	0.0501465	0.0168096	0.0238608
M11073017	M11073017	-0.0496967	-0.0626034	0.0160097	0.00179406	-0.0193875	0.0165499	-0.0278088	0.0118642	0.0238609	-0.00878755
M11082407	M11082407	-0.0512291	-0.033919	0.00554266	0.00747724	-0.00476942	0.00924591	0.0141556	-0.00292584	-0.0411234	0.0243723
M11073015	M11073015	-0.0502232	-0.048428	-0.000867719	0.00649103	-0.00617549	0.0201104	-0.0301846	0.00185054	0.0140466	-0.0474477
M11060903	M11060903	-0.0493112	-0.0677125	-0.0196098	-0.000825066	0.0174988	0.0373194	-0.0241226	0.037011	0.0232516	-0.0283347
M11082010	M11082010	-0.0482022	-0.0658691	0.00175644	-0.0155784	-0.0101264	0.0125864	0.0133288	-0.0326528	-0.00327959	0.00205356
M11073003	M11073003	-0.0498106	-0.0523959	-0.010178	-0.00217864	0.0283896	0.00464563	-0.00553479	-0.0172704	-0.00815658	0.00366284
M11082001	M11082001	-0.0508892	-0.0390969	0.0226347	-0.0264374	-0.0235422	0.0109096	-0.0427151	0.0144121	0.0128753	-0.0547586
M11072309	M11072309	-0.0489164	-0.0669323	-0.00717327	0.00185028	0.00607418	-0.0102335	0.0160256	0.00483115	0.024381	-0.0114525
M11081711	M11081711	-0.0482529	-0.0676063	-0.00021744	0.00920548	0.0233843	-0.0102172	0.00380164	0.00417996	-0.0508265	-0.0469038
M11060203	M11060203	-0.0507185	-0.0432128	0.0222462	0.000684262	0.00868398	-0.0170476	0.00754517	-0.0297341	0.0316729	-0.0144405
M11071302	M11071302	-0.047408	-0.0296725	-0.0102933	-0.00367404	-0.00264509	0.0178758	0.00464663	0.00517186	0.00192865	0.0104929
M11081306	M11081306	-0.0499588	-0.0380198	0.00752787	-0.00455712	0.0196726	0.00782403	-0.000981373	-0.0137692	0.00524735	-0.0282085
M11051101	M11051101	-0.0343847	0.0799287	0.00437475	0.00197703	0.00346366	-0.025807	0.137315	0.0281429	0.00185399	0.0802342
M11050404	M11050404	-0.039698	0.0979312	-0.00516522	-0.00349293	0.00686939	0.00945992	-0.0724749	-0.025876	0.0816045	-0.0173007
M11051105	M11051105	-0.0388767	0.0917802	0.00320471	-0.0146364	-0.00891501	0.0273825	0.00585635	-0.0514072	0.006709	-0.0063345
M11051901	M11051901	-0.0365404	0.100572	0.0080735	-0.00184006	0.00977508	0.0342223	-0.0703497	0.00132466	0.0747925	-0.052657
M11052507	M11052507	-0.032419	0.0700896	-0.0284577	-0.0102508	0.00657529	-0.0170897	0.0104764	0.017996	-0.0669357	-0.00371568
M11050514	M11050514	-0.028183	0.0614033	0.0283483	0.026736	0.0274797	6.75757e-05	-0.0350379	-0.0146942	-0.0241323	-0.0359027
M11060202	M11060202	-0.0380456	0.0808082	-0.0100862	0.00905465	-0.0171844	-0.0109771	0.0869543	0.0835111	-0.0338821	0.046899
M11051113	M11051113	-0.0347078	0.0655111	-0.00234096	0.00842836	-0.0124683	0.0142997	-0.00171905	0.0204323	0.0304318	-0.0290167
M11062914	M11062914	-0.0321568	0.0563084	0.00166487	-0.014773	0.0141347	-0.000613632	-0.0505772	0.00292346	0.0484934	-0.00763723
M11052505	M11052505	-0.0393278	0.0958809	-0.00217924	0.0193839	0.00218406	0.0101574	-0.0758583	-0.00272929	0.0317088	-0.0553434
M11051801	M11051801	-0.0325198	0.0501681	0.0142386	0.00887209	-0.0101992	-0.0219481	0.00297747	0.0037897	-0.000246757	0.0138306
M11050413	M11050413	-0.0237505	0.061886	-0.0142228	-0.0226953	0.0087759	0.0313081	0.0634787	-0.025532	-0.0698585	0.0180404
M11050407	M11050407	-0.0380019	0.0923096	0.0147266	0.00436951	0.00929801	0.0491663	-0.0737305	-0.0583703	0.02727	0.00839202
M11051805	M11051805	-0.0367196	0.094954	0.00403486	0.00154574	-0.0083421	-0.0127672	-0.0595679	-0.0431611	0.0270809	-0.010465
M11051907	M11051907	-0.0364941	0.0864297	-0.00113301	-0.00164325	0.00916544	-0.00890762	-0.0402162	-0.00985775	-0.0268802	-0.00844545
M11060904	M11060904	-0.039328	0.0943195	0.00146825	-0.0147939	0.00723819	0.0452184	-0.0897169	-0.0118141	0.0637862	-0.0226962
M11050411	M11050411	-0.0273287	0.0690744	0.0288234	0.0170735	-0.0382273	-0.0220871	0.038954	0.0177595	-0.0405856	0.00276965
M11050510	M11050510	-0.0327226	0.0570233	-0.0157299	0.012115	-0.0208969	-0.0315704	0.0720014	0.00926391	-0.0544736	0.023747
M11051203	M11051203	-0.0384483	0.0936099	-0.00584016	0.00957655	-0.00455223	-0.0201597	-0.0537097	0.0190475	-0.0122947	-0.0273608
M11051911	M11051911	-0.0392099	0.0902442	-0.00509195	0.00297929	0.0283331	-0.00443279	-0.0865609	-0.00798328	0.0390938	-0.028746
M11062504	M11062504	-0.03108	0.0700325	0.000146396	0.00593413	-0.0275594	-0.0205102	0.112643	0.0382917	-0.0441064	0.045506
M11051103	M11051103	-0.0216576	0.0540125	0.0163849	0.00245177	-0.00564314	-0.023417	0.0107246	0.042834	-0.00775624	0.00483263
M11051904	M11051904	-0.0368181	0.0948266	0.00596456	0.0360745	0.0188564	0.00922724	-0.0297554	-0.0174395	0.0263369	-0.029649
M11051108	M11051108	-0.0209183	0.0630255	-0.0111359	0.000899042	0.000971272	-0.0729496	-0.0130868	0.00470326	0.000904737	0.0486095
M11060908	M11060908	-0.0227642	0.0481584	0.00340522	0.0138832	-0.000540131	-0.0272232	0.0781895	0.00522004	-0.00950342	0.0338568
M11051204	M11051204	-0.0196534	0.0682986	-0.002613	-0.014206	-0.00625924	-0.0306385	0.00796931	-0.0101235	0.0424071	-0.000675711
M11050402	M11050402	-0.000724953	0.0495388	0.00631733	-0.00823078	0.0376611	0.0730859	-0.0235984	0.0460014	0.00139864	-0.0120127
M11051102	M11051102	-0.0289915	0.0655563	0.00520819	0.0194825	0.00465997	0.00491025	-0.000139578	0.0054244	-0.0323028	0.0239373
M11051114	M11051114	-0.0225512	0.0810656	0.00177155	0.00536428	0.0231935	0.00982442	-0.0320997	-0.0175881	0.0431974	-0.0349473
M11072711	M11072711	-0.037495	0.0786763	-0.0199787	0.00338671	0.00749895	-0.0123798	0.0682617	0.00133146	-0.0284274	0.0211477
M11052808	M11052808	-0.0379635	0.0849859	-0.00892034	-0.00494111	0.0039499	-0.00889641	0.102794	0.0206486	-0.0873205	0.0292827
M11051207	M11051207	-0.0369951	0.0378733	-0.0158902	-0.0130495	-0.026156	-0.00755006	0.045926	0.0329461	-0.0620141	0.0220666
M11050506	M11050506	-0.0240942	0.0517699	-0.00695867	-0.00570708	-0.0246139	-0.0149619	0.0305297	0.0144178	0.0530479	-0.00491311
M11051110	M11051110	-0.0355262	0.0849083	-0.016708	0.0100649	-0.0207162	-0.00861716	-0.0565667	-0.0368443	-0.00810263	-0.0120421
M11050405	M11050405	-0.0386079	0.0825238	-0.0138178	-0.00335498	0.00623736	-0.0298906	0.0994945	-0.0141298	-0.0310229	0.0064546
M11052812	M11052812	-0.0386989	0.0913662	0.00663069	0.0177788	-0.00769967	0.0287496	-0.026693	-0.0249748	0.00395684	-0.0744458
M11050512	M11050512	-0.0291624	0.0631124	-0.0114151	-0.01452	0.00760076	-0.0266245	-0.026454	-0.0386998	0.0131348	0.00744941
M11061602	M11061602	-0.0300817	0.0545117	0.000993258	-0.000964086	0.00283553	-0.0439906	0.0434836	-0.032849	-0.0864316	-0.00803455
M11052806	M11052806	-0.0064856	0.0699351	-0.0137339	-0.0147772	-0.00886958	0.0346069	-0.038505	-0.0210434	0.0582888	-0.0902837
M11051804	M11051804	-0.0176524	0.0604775	-0.0117284	0.00806879	-0.0302557	-0.0582366	0.0174677	0.0295428	0.0222544	-0.00145402
M11060915	M11060915	-0.0268706	0.0363375	0.00263981	-0.0176392	-0.00492264	0.000587261	0.0844503	-0.0135089	0.0135164	0.0214577
M11050513	M11050513	-0.0332114	0.0773094	0.000629	-0.000334301	-0.0137401	0.00192284	-0.0364902	0.0114906	0.00846388	-0.00248863
M11051802	M11051802	-0.0391848	0.0739199	0.0108705	-0.0132924	-0.0360488	-0.0195756	0.0719261	0.0051064	0.0124208	0.00317987
M11062215	M11062215	-0.0351383	0.0888511	0.0199664	-0.00726802	-0.0081215	0.00970051	-0.0202566	-0.0396178	0.0317428	-0.0320044
M11050409	M11050409	-0.0375501	0.0963086	0.0112634	-0.00744	0.013827	0.051187	-0.063454	-0.0124742	0.0197525	0.0103034
M11072704	M11072704	-0.0395622	0.0810332	-0.00573936	0.00804918	-0.0313702	0.00334861	-0.0432722	0.0249931	0.0020143	0.0389775
M11061609	M11061609	-0.0374121	0.0840877	-0.0116484	0.00716773	-0.0119326	-0.0323958	0.154315	0.0585901	-0.0472963	0.0497876
M11052508	M11052508	-0.038754	0.0954421	-0.00623806	-0.0129615	0.0240097	0.0204216	-0.0597369	0.0178996	0.0374461	-0.0409002
M11050502	M11050502	-0.0178853	0.0520014	0.00999934	0.0170194	-0.0217088	-0.0228812	-0.033585	0.00260155	0.0401781	-0.0373926
M11050401	M11050401	-0.015625	0.0558668	0.00123163	0.0132339	-0.0076894	0.0143099	0.0540187	-0.0343756	-0.0760052	-0.0193947
M11052503	M11052503	-0.0207455	0.0462855	0.0132722	-0.0164815	0.0254	-0.0164416	0.00556667	0.0533781	-0.012271	0.0320782
M11051109	M11051109	-0.039659	0.099925	0.014087	-0.00539694	0.0378493	0.0270178	-0.0860676	-0.0254723	0.0268843	-0.00803659
M11052504	M11052504	-0.0387286	0.0976179	0.00400184	-0.000194404	0.00712866	0.0344711	-0.0368439	-0.0212257	0.074513	-0.0250634
M11051112	M11051112	-0.0309572	0.0802133	0.00275601	-0.00831645	0.0414693	-0.00137219	-0.0536644	-0.0175089	0.010218	-0.0331078
M11072308	M11072308	-0.0302418	0.0781334	-0.0173507	-0.00126351	-0.00906698	-0.00543615	-0.0158344	0.00739466	0.0159309	-0.0536508
M11052502	M11052502	-0.0353182	0.0806049	0.0319696	0.0171064	-0.00443722	-0.0128693	-0.0239645	-0.00793422	0.0154897	0.00417057
M11052509	M11052509	-0.0384198	0.0847092	0.00690719	0.000874884	0.000369744	-0.0172021	-0.00693413	-0.0013132	0.0144631	-0.00856872
M11050414	M11050414	-0.0398062	0.0850166	-0.00480099	0.02278	-0.0104679	0.0252643	0.0262392	0.00400966	-0.0345076	0.0265842
M11050515	M11050515	-0.0175061	0.0648928	-0.00168145	-0.0136429	-0.00623881	0.0179908	0.00754473	0.056422	0.0311925	0.0255108
M11052814	M11052814	-0.0366074	0.0948845	0.00594402	0.00822809	-0.0164277	0.0293493	-0.03231	0.00366028	0.0207683	-0.0790876
M11052811	M11052811	-0.033395	0.085696	-0.010606	-0.00685339	0.033367	0.0273885	-0.0331531	-0.00383891	0.0376541	0.0327372
M11051910	M11051910	-0.04061	0.0533806	0.00324497	-0.0240628	-0.000458696	0.017491	-0.0169346	-0.0207613	0.0468053	-0.0543883
M11052813	M11052813	-0.039354	0.100088	0.0125415	0.0145925	-0.00208216	-0.0159542	-0.0325379	0.00882056	-0.0165409	-0.0125441
M11050408	M11050408	-0.0385012	0.0977152	0.00490663	0.00221187	-0.0103543	0.037009	-0.0681389	-0.012816	0.0225265	-0.047078
M11051205	M11051205	-0.0403864	0.0860541	-0.00856705	0.00157345	0.0236199	0.0115681	-0.0094928	0.00539335	0.0292764	-0.0177062
M11051906	M11051906	-0.0360863	0.0874336	-0.0279628	-0.00111711	-0.0120281	0.0369622	0.00465328	0.0319165	0.0232378	-0.00345812
M11060913	M11060913	-0.0350148	0.0797729	-0.00127693	0.000595031	0.00660287	-0.0267662	-0.0152323	0.0173474	0.0108902	-0.0036596
M11051908	M11051908	-0.0383339	0.0647901	0.0156592	-1.37072e-05	-0.0333127	0.00750462	0.00674867	0.0095395	-0.00696708	0.0288308
M11051206	M11051206	-0.0385486	0.0921612	0.0161811	-0.00794619	0.0199206	0.0168067	-0.0634703	-0.017708	0.126745	-0.052866
M11051807	M11051807	-0.0256489	0.0689476	-0.00789456	-0.0125762	0.0344254	0.0134714	-0.0462535	-0.0292521	0.0279859	-0.0559196
M11050509	M11050509	-0.0101137	0.0566841	0.0159744	-0.0405263	-0.0155266	-0.0264418	-0.0020774	0.035448	-0.12383	0.020123
M11052801	M11052801	-0.0151997	0.0519541	0.0134029	-0.00905063	-0.0116011	-0.0367521	0.0391602	0.00734743	-0.0395192	-0.026304
M11072305	M11072305	-0.0406728	0.0950413	-0.017628	-0.00542472	0.0125901	0.0216073	-0.0601339	-0.0303015	0.0290255	-0.0231743
M11062511	M11062511	-0.0329582	0.0811926	-0.0028772	0.00319165	-0.00814489	-0.0303361	0.00278578	0.0261612	-0.0255528	0.0283938
M11062908	M11062908	-0.0283656	0.0829919	-0.00707555	0.00978653	-0.00431002	0.0245667	-0.0665005	-0.000794009	-0.0331759	-0.027958
M11050416	M11050416	-0.021084	0.0635673	0.0122196	0.016452	-0.000334594	-0.00341845	0.0425524	-0.100968	-0.0835165	0.0467577
M11062524	M11062524	-0.0398922	0.0783023	0.0145167	-0.00115405	-0.0324902	-0.00818307	0.0502718	0.0469126	-0.0267553	0.083261
M11050507	M11050507	-0.0369461	0.0880296	-0.0123975	-0.0136635	0.00550503	-0.0246858	0.128629	0.00792166	0.00260812	0.0388928
M11050508	M11050508	-0.0301392	0.0734209	-0.0332002	-0.00847725	-0.00135584	-0.0275337	0.122976	0.075888	-0.0619302	0.0732292
M11050501	M11050501	-0.035969	0.091243	0.000803825	0.0142182	0.0117489	0.0205851	-0.0593471	-0.0657081	0.0191004	0.0289118
M11051806	M11051806	-0.0278398	0.0274	0.00496345	0.0170978	-0.0174193	-0.00734424	-0.0398438	-0.00988267	-0.0320159	0.00293919
M11051201	M11051201	-0.0280728	0.0340369	-0.0297796	0.0095259	-0.0060199	-0.062892	0.0209953	-0.00320488	-0.0384658	0.00650211
M11051202	M11051202	-0.0199052	0.051848	-0.021331	0.021304	0.0144501	-0.00439651	0.0191616	0.0256785	-0.0501361	0.0640901
M11060103	M11060103	-0.0372498	0.0985693	0.0119976	0.000546533	0.0320032	0.0204468	-0.0484259	-0.0447236	0.0876222	0.006806
M11061601	M11061601	-0.0395278	0.0803191	-0.0157777	0.027427	-0.00741818	-0.00762788	0.0904604	0.0194737	-0.00976543	0.000864955
M11051803	M11051803	-0.0259355	0.0687031	0.0116701	0.0117066	-0.0236825	0.00628185	0.0132033	-0.00983345	-0.0176124	-0.0530439
M11052809	M11052809	-0.0205806	0.0654126	0.00530921	0.0062806	-0.00410638	-0.0319729	0.0982853	-0.00356375	-0.0874165	0.0711195
M11060920	M11060920	-0.0273014	0.0530633	-0.00661211	-0.0163472	-0.00554328	-0.0316613	0.0712911	-0.00603424	-0.0263972	0.0137146
M11052802	M11052802	-0.0317129	0.0866556	0.00798077	0.0142266	-0.00561128	0.00675142	-0.0222912	-0.00735681	0.0225584	-0.0106489
M11070602	M11070602	-0.0371202	0.088644	0.0245772	0.00515341	0.0103765	0.0332442	-0.0556665	-0.0579611	-0.00344653	0.0568633
M11050415	M11050415	-0.00236008	0.0547589	0.0199309	-0.0107593	-0.0155437	0.0146875	0.133732	0.0309099	-0.0602874	0.0476013
M11051903	M11051903	-0.031946	0.0598353	-0.0184193	0.00720631	-0.00179053	-0.00711567	-0.0223181	0.00051849	-0.00891172	-0.0178922
M11051209	M11051209	-0.016088	0.0643937	-0.00556023	-0.0137938	-0.00980064	-0.0502996	0.0461441	0.0626095	-0.0398231	0.04077
M11060912	M11060912	-0.0202682	0.0599801	0.0100445	-0.0210201	0.00769741	-0.0361227	-0.00838938	-0.00323368	-0.0400281	9.01066e-05
M11050516	M11050516	-0.022389	0.0619284	-0.00341039	-0.005849	-0.0208282	-0.0144786	0.0329016	0.0160786	-0.00205274	-0.0338995
M11062205	M11062205	-0.037812	0.0818688	-0.0264891	-0.00190536	-0.0101935	-0.0374669	0.13251	0.00965886	-0.011831	0.0625508
M11050403	M11050403	-0.0377647	0.0941104	0.00478688	-0.00943894	0.0340029	-0.00684322	-0.0507165	-0.0159794	0.0353178	-0.0136158
M11050410	M11050410	-0.0316443	0.0808737	-0.00351856	-0.00745113	-0.0123364	-0.00297596	0.0652944	0.0348843	-0.0215201	0.028704
M11052506	M11052506	-0.0285265	0.0785915	0.000748143	-0.00463381	-0.00890347	0.01234	-0.0296136	-0.00269113	-0.10388	0.0224113
M11050505	M11050505	-0.0190132	0.0640042	0.00471785	-0.00913397	-0.00705458	-0.00571966	0.0334613	0.00326527	0.0224312	-0.0234809
M11060919	M11060919	-0.0273327	0.0704513	-0.0060443	-0.0146871	-0.0135161	-0.0506335	0.0125305	0.047177	-0.119383	0.0281453
M11050504	M11050504	-0.025885	0.0679808	-0.0196099	0.00707141	0.00617358	0.0396066	-0.0121523	-0.00616009	-0.010696	-0.0135839
M11050406	M11050406	-0.0388061	0.0907873	0.0108948	0.0225135	-0.000790934	-0.0279429	0.0700039	0.0310302	-0.0579694	0.00265301
M11051115	M11051115	-0.038408	0.0827675	0.0011917	0.0216505	-0.0142713	-0.0169545	0.0929638	0.0597887	0.0264818	0.0385089
M11051106	M11051106	-0.0214789	0.0700284	0.00182083	-0.0333807	-0.0164706	-0.0118886	0.0200217	0.025361	0.0576652	-0.00471505
M11051107	M11051107	-0.0384834	0.0913376	-0.0100313	0.00916641	0.0144643	0.05043	-0.0965068	-0.0535952	-0.000607168	-0.0339604
M11062516	M11062516	0.0814332	-0.00968716	-0.00120501	-0.0141256	0.0185834	-0.0399121	-0.0217171	-0.021212	-0.0125713	0.000903834
M11073013	M11073013	0.0789643	-0.00722824	-0.0261839	-0.0576641	0.0665979	0.0392687	-0.0356278	-0.0165289	0.0119644	0.11789
M11072001	M11072001	0.0803455	-0.0106939	-0.0114075	-0.0352949	-0.00930011	-0.0269747	0.0826071	0.0108868	-0.0251741	0.00787726
M11062208	M11062208	0.079129	-0.0101681	-0.00932774	-0.050247	0.0457852	-0.030484	0.000891709	0.0198614	0.0701325	0.0143593
M11061508	M11061508	0.0753982	-0.0102538	-0.00306534	-0.0333407	0.0345127	0.0384446	0.00199285	-0.0421542	-0.0259944	0.0762313
M11060917	M11060917	0.0800162	-0.0097303	-2.69294e-05	-0.00899738	0.0383579	-0.0116653	0.0555642	0.0803585	-0.0500051	0.00107946
M11062211	M11062211	0.0795312	-0.0034289	-0.00434381	-0.0516007	0.00111766	-0.0439249	0.00492114	-0.0341708	-0.0569762	0.02395
M11062507	M11062507	0.0772117	-0.00920844	0.0245908	-0.0159922	-0.0147251	-0.047403	-0.0270811	0.0498224	-0.0267468	-0.0327686
M11062505	M11062505	0.0749024	-0.0123977	-0.0148183	-0.0197105	0.0618663	-0.0180051	-0.0217739	-0.0329102	-0.0351668	0.0302411
M11060911	M11060911	0.0802821	-0.00911574	0.00297009	-0.0193627	-0.00574695	-0.0114718	0.173944	0.121782	0.132512	-0.105843
M11062517	M11062517	0.0780284	-0.00704138	-0.00441781	-0.0292602	0.0622541	0.0427523	-0.0571093	-0.0300372	0.00239071	0.031061
M11052816	M11052816	0.0791184	-0.00949583	-0.0134269	-0.067087	0.0672948	0.0413301	-0.214707	-0.274381	-0.351532	-0.371463
M11060918	M11060918	0.0750568	-0.00534057	-0.0167801	-0.0331351	0.0303809	0.0453438	-0.0383915	-0.0428597	0.000248216	0.0343595
M11060906	M11060906	0.0762149	-0.00331743	-0.00459924	-0.0445125	-0.00941363	-0.000648686	-0.0347604	-0.044463	-0.0509168	0.0960974
M11081709	M11081709	0.0777193	-0.00747159	-0.0203334	-0.0681054	0.0249565	0.00354862	-0.0400504	0.00122566	-0.0420309	0.0695625
M11062522	M11062522	0.0774218	-0.00294749	0.0438564	0.0393238	-0.0107547	0.0351555	-0.0183627	-0.0447591	0.0135036	-0.0548861
M11060109	M11060109	0.0775259	-0.00582914	-0.00228123	-0.0436934	0.023716	0.0294358	-0.00873713	-0.0205225	0.0407106	-0.0469407
M11072301	M11072301	0.076476	-0.00138949	-0.0128645	-0.0388693	0.0119858	0.101134	-0.298364	-0.0827639	-0.0990316	0.227511
M11062203	M11062203	0.0766379	-0.00788435	0.00717083	-0.035409	0.00990328	0.0217176	-0.0397705	-0.00896853	0.0139858	-0.0321008
M11061509	M11061509	0.0772392	-0.00197085	0.00232203	-0.0315059	-0.00981817	0.0164289	0.0368426	0.0530174	0.0290764	0.0713543
M11070601	M11070601	0.0794539	-0.0118433	0.0240111	-0.0576426	-0.0175426	-0.00927041	0.0475042	0.00655719	0.0352382	0.0631422
M11072303	M11072303	0.0772727	-0.0059751	-0.000674823	-0.0305075	0.00147732	-0.00630369	-0.0212402	0.0418848	0.0375806	0.028975
M11062523	M11062523	0.0808434	-0.0125591	-0.0103204	-0.0334066	-0.00133862	0.0502575	0.100842	0.0664463	0.0531931	0.024971
M11081307	M11081307	0.0793043	-0.00364521	0.0033931	-0.0391215	-0.00912639	-0.0295904	-0.0134963	-0.0219506	0.00490546	-0.0117741
M11081308	M11081308	0.0786468	-0.00364471	-0.0109613	-0.0166286	0.0289919	0.0223211	0.0289675	0.0125177	0.0778841	-0.0129463
M11072321	M11072321	0.0658298	0.00437723	-0.0203552	-0.0333226	0.00296107	0.00221773	0.00595149	0.0102231	-0.0237104	0.0150785
M11070610	M11070610	0.077389	-0.00375296	-0.00918881	-0.0395991	0.000407937	-0.0367788	0.04427	0.00776422	-0.0657529	0.000830806
M11061506	M11061506	0.0798397	-0.0102531	-0.465634	0.332285	-0.0450377	0.00324211	-0.0152382	-0.007164	0.0060362	-0.0130721
M11060901	M11060901	0.0798738	-0.0146765	0.00712612	-0.0195939	0.00920379	-0.00484822	0.0482445	0.0163186	-0.00108773	0.0384387
M11062501	M11062501	0.0802075	-0.0118822	-0.061232	-0.00565145	0.0344279	0.00267184	-0.010248	0.0302551	-0.108387	-0.00307851
M11060110	M11060110	0.0774538	-0.00760289	-0.00667197	-0.0411649	0.0170873	0.0239818	-0.0382636	-0.0557008	-0.0286675	0.07279
M11062905	M11062905	0.0802669	-0.0117237	-0.420802	0.301208	-0.0313052	0.00500391	0.0113365	-0.0122282	0.0420804	0.00108323
M11060205	M11060205	0.0795947	-0.0078265	-0.461093	0.327878	-0.0230353	0.0041037	-0.034535	-0.00507758	0.0124017	-0.00687389
M11060107	M11060107	0.0782347	-0.00759327	-0.00880902	-0.0259181	0.00104862	-0.0439667	0.221458	-0.155988	-0.00508015	-0.349
M11062510	M11062510	0.080524	-0.00899631	-3.65612e-05	-0.0388534	0.0163277	-0.0309609	0.233993	-0.151321	-0.0252367	-0.350243
M11072323	M11072323	0.0774189	-0.0118264	0.001123	-0.0382433	-0.0290085	0.0472174	0.0254973	0.0549088	-0.0117464	0.0144029
M11060108	M11060108	0.0775061	-0.00676745	0.019953	-0.0354886	0.0141599	0.00113472	-0.00969051	-0.0240559	-0.0489712	0.0373325
M11060914	M11060914	0.0795204	-0.0118697	-0.0137073	-0.0753549	-0.14623	0.0944386	-0.210985	0.68636	-0.0970587	-0.335407
M11052803	M11052803	0.0592387	0.00904439	0.0247373	-0.0413743	-0.0123647	0.00290623	-0.00589871	-0.00484327	-0.0197006	0.0479724
M11082005	M11082005	0.0795173	-0.0110075	-0.00791813	-0.0383094	0.0339552	0.0150094	0.0197183	-0.0651532	0.0523634	0.0317673
M11062913	M11062913	0.0810527	-0.0127827	-0.0180329	-0.0225653	0.0373282	0.0464803	6.5697e-06	-0.0573579	0.0364771	0.0152781
M11060916	M11060916	0.0756621	-0.0119922	0.006396	-0.0331342	0.0405002	-0.0403237	-0.000681533	0.0498913	-0.00208886	0.0198034
M11081707	M11081707	0.0766863	-0.00316841	-0.0201013	-0.0450308	0.0329901	0.0126204	0.0260933	-0.109726	-0.0951197	0.0415891
M11061503	M11061503	0.0802236	-0.0142891	0.000107333	-0.0186244	0.0155051	-0.0535101	0.114962	0.0205811	0.0911584	-0.068425
M11060923	M11060923	0.0812245	-0.0152073	-0.00836365	-0.043139	-0.00559893	0.0188717	0.00685737	0.0336468	-0.0147067	0.0346209
M11061511	M11061511	0.0786951	-0.00895684	0.00974485	-0.00820158	0.0177463	-0.0313881	-0.0765129	0.0217742	-0.076872	0.0638798
M11061505	M11061505	0.0770467	0.00142222	-0.0367555	-0.0234014	0.0231129	0.014124	-0.0726283	-0.0452217	-0.045399	0.139258
M11080307	M11080307	0.0797217	-0.00672025	-0.0110226	-0.0576652	0.0177895	0.0293061	-0.0168851	0.00169297	-0.000911065	0.10853
M11060204	M11060204	0.0785421	-0.0105963	-0.00486721	-0.057771	-0.0279596	0.026756	0.058351	0.00211985	0.00871292	-0.0495004
M11062912	M11062912	0.0751913	-0.00632704	-0.00929333	-0.0430945	0.0317932	0.0328005	-0.0036043	0.0385634	-0.0730966	0.0645868
M11062207	M11062207	0.0790826	-0.00511627	-0.018049	-0.0273536	0.0193801	-0.00835269	0.0156162	-0.015185	-0.0310883	-0.0127934
M11052807	M11052807	0.0757427	-0.00107967	-0.000519046	-0.0707904	0.0249968	0.0308148	-0.0315873	0.0235822	-0.0025477	0.147778
M11060114	M11060114	0.0639299	-0.00453127	-0.00274757	-0.0316618	0.0374494	0.0666229	0.0358501	-0.0415467	0.00730152	-0.0163721
M11062202	M11062202	0.0791528	-0.007623	-0.0237494	-0.066775	0.0462876	-0.00920468	-0.00088632	-0.0454931	8.35264e-05	0.0183883
M11060112	M11060112	0.0792325	-0.00738844	-0.0125055	-0.0283877	-0.00174429	0.0601528	-0.0324418	0.0287783	0.0673977	-0.0170266
M11061604	M11061604	0.0758611	-0.00491148	-0.0168823	-0.0470137	0.0461648	-0.0202527	-0.0467234	-0.0378843	-0.0305769	0.059756
M11062910	M11062910	0.0758747	-0.00482329	0.00311599	-0.0179183	0.00561522	0.0397499	-0.0304925	-0.0226583	0.0351147	0.00325444
M11061510	M11061510	0.0752758	0.000209174	0.000193128	-0.0451643	0.0144117	-0.00264256	-0.00584115	-0.0196738	0.0140827	0.0865649
M11072307	M11072307	0.0778382	-0.00978232	-0.00697964	-0.0644882	-0.0179217	0.0565713	0.00707415	0.00604956	-0.0337989	-0.000510835
M11071306	M11071306	0.0799934	-0.00559376	-0.00165605	-0.0480284	-0.00946736	0.0344048	0.0364439	0.0175216	0.0737737	-0.0113517
M11072010	M11072010	0.0768051	-0.00721194	-0.0127159	-0.0425543	0.0395324	0.0122213	-0.0257679	0.0371062	-0.0766285	0.0696706
M11072322	M11072322	0.0750708	-0.00293555	-0.0169561	-0.035867	0.0018317	0.0220896	-0.0396363	-0.0807891	-0.00859355	0.0753768
M11062509	M11062509	0.0805736	-0.00608607	0.00196249	-0.0443135	0.0328189	0.0146712	-0.0927855	-0.100992	-0.105647	-0.141264
M11073002	M11073002	0.078893	-0.00881104	-0.0166633	-0.00905466	-0.0101557	0.0210294	-0.000534968	0.0307428	-0.0173517	-0.0250323
M11081310	M11081310	0.0785395	-0.00872968	-0.00981852	-0.0194832	0.042265	0.0107949	0.0297749	-0.094859	-0.047868	-0.063494
M11062512	M11062512	0.0631411	-0.00712915	0.0117747	-0.00250379	-0.0142942	0.00350891	-0.00560609	-0.01999	-0.0521542	-0.0436224
M11062518	M11062518	0.0795142	-0.0126325	-0.0154889	-0.052436	0.0307914	-0.840436	-0.240441	0.0528587	0.0959226	-0.0174131
M11070608	M11070608	0.0784687	-0.00107684	-0.0560716	-0.0410396	0.0490457	-0.0478397	0.0209527	-0.0196152	0.0258237	-0.0255838
M11060111	M11060111	0.0777143	-0.00591081	0.123505	0.124705	-0.448155	-0.00789495	-0.0401349	-0.0547347	0.091607	0.00819522
M11062213	M11062213	0.0762177	-0.0100059	0.003966	-0.0518024	0.0112832	0.0152502	0.01012	0.060858	0.051522	0.042983
M11052817	M11052817	0.0765777	-0.00812256	0.153665	0.138359	-0.36173	0.0194793	-0.0654544	-0.072068	-0.0475975	0.030596
M11062206	M11062206	0.0779169	-0.00476094	0.0125279	-0.0175552	0.0271171	0.00230344	0.0533746	0.011802	0.104739	-0.0398351
M11073004	M11073004	0.0811458	-0.0108187	-0.0108317	-0.0353386	0.00132833	-0.000800872	0.126613	-0.00395817	0.0759973	-0.00459585
M11072318	M11072318	0.07816	-0.00977758	-0.0211703	-0.0431046	-0.034667	-0.00773968	-0.033202	0.132404	-0.190431	0.0369507
M11060907	M11060907	0.0620498	0.00849635	0.00961267	-0.0378022	0.0158638	0.0326451	-0.0416315	0.0671846	0.12531	-0.0250503
M11060113	M11060113	0.0593315	0.0103001	-0.0174364	-0.0341738	0.0135394	0.103177	-0.0698242	0.0521239	0.0909666	0.00486631
M11072319	M11072319	0.0778212	-0.00704109	-0.0265203	-0.0197693	0.0159339	-0.00384052	0.0413963	-0.0103271	0.0146792	-0.00913173
M11060909	M11060909	0.0764704	-0.00740267	0.00990037	-0.0558966	0.0349103	0.0310742	0.0306736	0.0259465	0.00209337	0.0172205
M11072304	M11072304	0.077263	-0.00432016	0.0152659	-0.0089139	0.0230954	0.00478458	0.0565161	-0.0397247	0.0290235	-0.0194523
M11081314	M11081314	0.0772439	-0.00646406	0.00611315	-0.0422255	0.0326406	0.00598644	-0.0227933	-0.0204776	0.0412591	0.0190765
M11081315	M11081315	0.0823154	-0.0111952	0.00417779	-0.0239215	0.0296337	0.0135266	0.0635147	0.0575395	0.0338791	0.0147628
M11081301	M11081301	0.0798454	-0.00876377	-0.018527	-0.0486824	0.0481136	0.0809996	-0.00781373	-0.0413355	0.396422	0.0670946
M11072701	M11072701	0.0756174	-0.0132206	0.113625	0.0645099	-0.136019	-0.150011	0.122674	-0.14741	-0.0110098	0.0284243
M11061507	M11061507	0.0770351	-0.00796388	0.256532	0.355483	0.267903	-0.0287638	0.018695	0.0486072	-0.0144648	-0.000564201
M11052501	M11052501	0.0753322	-0.0127914	0.11217	0.106043	-0.0365585	-0.00848406	0.0177517	-0.0116619	-0.0142261	-0.0144018
M11062210	M11062210	0.0795372	-0.00793121	-0.0519398	-0.00397406	0.00584367	0.000965428	0.0169167	-0.00533358	-0.0132521	0.016792
M11060905	M11060905	0.0764214	-0.0138987	0.307234	0.434129	0.35655	0.013733	-0.0128322	0.091911	-0.0330787	-0.0068336
M11060102	M11060102	0.0775631	-0.00399539	0.196202	0.286785	0.25561	0.00648877	-0.0110813	0.0925562	0.00963164	-0.00299942
M11060902	M11060902	0.0773073	-0.0065789	0.0813107	0.052259	-0.117718	-0.00338879	0.0437738	-0.0328495	0.00343591	0.00672576
M11060104	M11060104	0.0804012	-0.00362064	-0.0100636	-0.0599855	-0.00678581	0.0119514	-0.059465	0.0164003	-0.0321275	0.0531403
M11060105	M11060105	0.0753853	-0.0118052	-0.0119655	-0.0262166	-0.00195054	0.0102661	0.110908	0.0778452	0.0652114	-0.0247691
M11073019	M11073019	0.0791038	-0.00859116	-0.0104049	-0.0305146	0.0439984	0.0510305	0.000477135	0.00964671	0.0301138	-0.0396789
M11072313	M11072313	0.0808235	-0.00731285	0.0681439	0.0494518	-0.0830253	-0.103994	0.0768211	-0.0184487	0.00688138	-0.00824424
M11072314	M11072314	0.0702927	-0.00845012	-0.00020308	-0.0473694	0.0405714	-0.00295679	0.015967	0.0568379	0.0275077	-0.0753929
M11062214	M11062214	0.0765356	-0.00871579	0.166477	0.168246	-0.275152	0.0560832	-0.0786315	-0.0740737	-0.0498347	0.0266513
M11082015	M11082015	0.0768043	-0.00808695	0.129048	0.141494	-0.26619	-0.00113175	-0.0662184	0.00848031	0.0898743	0.0222338
M11062515	M11062515	0.0773774	-0.00732136	0.096594	0.105554	-0.163648	0.0441438	-0.0118449	-0.0518434	-0.0413769	0.0455625
M11072007	M11072007	0.0774476	-0.00725388	0.00433547	-0.0471914	0.016582	0.0531669	0.0132678	-0.0459421	0.0223947	-0.0432042
M11061607	M11061607	0.0763946	-0.0101533	0.0930244	0.0882552	-0.175193	0.0317721	0.00350486	-0.0165899	0.0557924	-0.0491789
M11052810	M11052810	0.0794034	-0.00757988	-0.00247933	-0.0457779	0.025942	0.00235568	-0.0344807	0.0203062	-0.0534587	0.023777
M11061606	M11061606	0.0807183	-0.00622109	0.0177613	-0.012869	0.0245202	0.0192194	-0.00160786	-0.016168	-0.0119841	0.0407143
M11060207	M11060207	0.0784497	-0.00822868	-0.00392925	-0.0401012	0.0302172	-0.0136606	0.0331437	0.0182157	-0.0259264	0.0212418
M11062909	M11062909	0.0794276	-0.011365	0.0201647	-0.0341054	0.000178351	0.0113407	0.0293139	0.0493669	0.0878003	-0.0513084
